240 240 240 240 240 240 240 240 240 240 240 240 240 240 240 240
240 240 240 240 240 240 240 240 240 240   0 240 240 240 240 240
240 240 240 240 240 240 240 240 240   0 240   0 240 240 240 240
240 240 240 240 240 240 240 240   0 240 240 240   0 240 240 240
240 240 240 240 240 240 240   0 240 240 240 240 240   0 240 240
240 240 240 240 240 240   0 240 240 240 240 240 240 240   0 240
240 240 240 240 240   0 240 240 240 240 240 240 240   0 240 240
240 240 240 240   0 240 240 240 240 240 240 240   0 240 240 240
240 240 240   0 240 240 240 240 240 240 240   0 240 240 240 240
240 240   0 240   0 240 240 240 240 240   0 240 240 240 240 240
240   0 240 240 240   0 240 240 240   0 240 240 240 240 240 240
240   0 240 240 240 240   0 240   0 240 240 240 240 240 240 240
240   0   0 240 240 240 240   0 240 240 240 240 240 240 240 240
240   0   0   0 240 240   0 240 240 240 240 240 240 240 240 240
240   0   0   0   0   0 240 240 240 240 240 240 240 240 240 240
240 240 240 240 240 240 240 240 240 240 240 240 240 240 240 240
240 240 240 240 240 240 240 240 240 240 240 240 240 240 240 240
240 240 240 240 240 240 240 240 240 240   0 240 240 240 240 240
240 240 240 240 240 240 240 240 240   0 240   0 240 240 240 240
240 240 240 240 240 240 240 240   0 240 240 240   0 240 240 240
240 240 240 240 240 240 240   0 240 240 240 240 240   0 240 240
240 240 240 240 240 240   0 240 240 240 240 240 240 240   0 240
240 240 240 240 240   0 240 240 240 240 240 240 240   0 240 240
240 240 240 240   0 240 240 240 240 240 240 240   0 240 240 240
240 240 240   0 240 240 240 240 240 240 240   0 240 240 240 240
240 240   0 240   0 240 240 240 240 240   0 240 240 240 240 240
240   0 240 240 240   0 240 240 240   0 240 240 240 240 240 240
240   0 240 240 240 240   0 240   0 240 240 240 240 240 240 240
240   0   0 240 240 240 240   0 240 240 240 240 240 240 240 240
240   0   0   0 240 240   0 240 240 240 240 240 240 240 240 240
240   0   0   0   0   0 240 240 240 240 240 240 240 240 240 240
240 240 240 240 240 240 240 240 240 240 240 240 240 240 240 240
240 240 240 240 240 240 240 240 240 240 240 240 240 240 240 240
240 240 240 240 240 240 240 240 240 240   0 240 240 240 240 240
240 240 240 240 240 240 240 240 240   0 240   0 240 240 240 240
240 240 240 240 240 240 240 240   0 240 240 240   0 240 240 240
240 240 240 240 240 240 240   0 240 240 240 240 240   0 240 240
240 240 240 240 240 240   0 240 240 240 240 240 240 240   0 240
240 240 240 240 240   0 240 240 240 240 240 240 240   0 240 240
240 240 240 240   0 240 240 240 240 240 240 240   0 240 240 240
240 240 240   0 240 240 240 240 240 240 240   0 240 240 240 240
240 240   0 240   0 240 240 240 240 240   0 240 240 240 240 240
240   0 240 240 240   0 240 240 240   0 240 240 240 240 240 240
240   0 240 240 240 240   0 240   0 240 240 240 240 240 240 240
240   0   0 240 240 240 240   0 240 240 240 240 240 240 240 240
240   0   0   0 240 240   0 240 240 240 240 240 240 240 240 240
240   0   0   0   0   0 240 240 240 240 240 240 240 240 240 240
240 240 240 240 240 240 240 240 240 240 240 240 240 240 240 240

240 240 240 240 240 240 240 240 240 240 240 240 240 240 240 240
240 240 240 240 240   0 240 240 240 240 240 240 240 240 240 240
240 240 240 240   0 240   0 240 240 240 240 240 240 240 240 240
240 240 240   0 240 240 240   0 240 240 240 240 240 240 240 240
240 240   0 240 240 240 240 240   0 240 240 240 240 240 240 240
240   0 240 240 240 240 240 240 240   0 240 240 240 240 240 240
240 240   0 240 240 240 240 240 240 240   0 240 240 240 240 240
240 240 240   0 240 240 240 240 240 240 240   0 240 240 240 240
240 240 240 240   0 240 240 240 240 240 240 240   0 240 240 240
240 240 240 240 240   0 240 240 240 240 240   0 240   0 240 240
240 240 240 240 240 240   0 240 240 240   0 240 240 240   0 240
240 240 240 240 240 240 240   0 240   0 240 240 240 240   0 240
240 240 240 240 240 240 240 240   0 240 240 240 240   0   0 240
240 240 240 240 240 240 240 240 240   0 240 240   0   0   0 240
240 240 240 240 240 240 240 240 240 240   0   0   0   0   0 240
240 240 240 240 240 240 240 240 240 240 240 240 240 240 240 240
240 240 240 240 240 240 240 240 240 240 240 240 240 240 240 240
240 240 240 240 240   0 240 240 240 240 240 240 240 240 240 240
240 240 240 240   0 240   0 240 240 240 240 240 240 240 240 240
240 240 240   0 240 240 240   0 240 240 240 240 240 240 240 240
240 240   0 240 240 240 240 240   0 240 240 240 240 240 240 240
240   0 240 240 240 240 240 240 240   0 240 240 240 240 240 240
240 240   0 240 240 240 240 240 240 240   0 240 240 240 240 240
240 240 240   0 240 240 240 240 240 240 240   0 240 240 240 240
240 240 240 240   0 240 240 240 240 240 240 240   0 240 240 240
240 240 240 240 240   0 240 240 240 240 240   0 240   0 240 240
240 240 240 240 240 240   0 240 240 240   0 240 240 240   0 240
240 240 240 240 240 240 240   0 240   0 240 240 240 240   0 240
240 240 240 240 240 240 240 240   0 240 240 240 240   0   0 240
240 240 240 240 240 240 240 240 240   0 240 240   0   0   0 240
240 240 240 240 240 240 240 240 240 240   0   0   0   0   0 240
240 240 240 240 240 240 240 240 240 240 240 240 240 240 240 240
240 240 240 240 240 240 240 240 240 240 240 240 240 240 240 240
240 240 240 240 240   0 240 240 240 240 240 240 240 240 240 240
240 240 240 240   0 240   0 240 240 240 240 240 240 240 240 240
240 240 240   0 240 240 240   0 240 240 240 240 240 240 240 240
240 240   0 240 240 240 240 240   0 240 240 240 240 240 240 240
240   0 240 240 240 240 240 240 240   0 240 240 240 240 240 240
240 240   0 240 240 240 240 240 240 240   0 240 240 240 240 240
240 240 240   0 240 240 240 240 240 240 240   0 240 240 240 240
240 240 240 240   0 240 240 240 240 240 240 240   0 240 240 240
240 240 240 240 240   0 240 240 240 240 240   0 240   0 240 240
240 240 240 240 240 240   0 240 240 240   0 240 240 240   0 240
240 240 240 240 240 240 240   0 240   0 240 240 240 240   0 240
240 240 240 240 240 240 240 240   0 240 240 240 240   0   0 240
240 240 240 240 240 240 240 240 240   0 240 240   0   0   0 240
240 240 240 240 240 240 240 240 240 240   0   0   0   0   0 240
240 240 240 240 240 240 240 240 240 240 240 240 240 240 240 240

240 240 240 240 240 240 240 240 240 235 221 217 217 217 221 237
240 240 240 240 240 240 240 240 235 180 103  82  37  37  69 221
240 240 240 240 240 240 240 240 191 122 173 195  33   5  37 217
240 240 240 240 240 240 240 240  40 191 235 240 197  33  37 217
240 240 240 240 240 235 191  40 219  93 184 237 240 195  82 217
240 240 240 240 235 180 122 191 236 185 122 184 235 173 103 221
240 240 240 240 191 122 180 235 240 231 185  93 191 122 180 235
240 240 240 240  40 191 235 240 240 240 236 219  40 191 235 240
240 235 191  40 240 240 240 240 240 235 191  40 240 240 240 240
235 180 122 191 240 240 240 240 235 180 122 191 240 240 240 240
225 121 156 232 240 240 240 240 191 122 180 235 240 240 240 240
237 184  93 219 240 240 240 240  40 191 235 240 240 240 240 240
240 240 206  42 219 232 191  40 240 240 240 240 240 240 240 240
240 240 234 206  93 156 122 191 240 240 240 240 240 240 240 240
240 240 240 240 184 121 180 235 240 240 240 240 240 240 240 240
240 240 240 240 237 225 235 240 240 240 240 240 240 240 240 240
240 240 240 240 240 240 240 240 240 235 221 217 217 217 221 237
240 240 240 240 240 240 240 240 235 180 103  82  37  37  69 221
240 240 240 240 240 240 240 240 191 122 173 195  33   5  37 217
240 240 240 240 240 240 240 240  40 191 235 240 197  33  37 217
240 240 240 240 240 235 191  40 219  93 184 237 240 195  82 217
240 240 240 240 235 180 122 191 236 185 122 184 235 173 103 221
240 240 240 240 191 122 180 235 240 231 185  93 191 122 180 235
240 240 240 240  40 191 235 240 240 240 236 219  40 191 235 240
240 235 191  40 240 240 240 240 240 235 191  40 240 240 240 240
235 180 122 191 240 240 240 240 235 180 122 191 240 240 240 240
225 121 156 232 240 240 240 240 191 122 180 235 240 240 240 240
237 184  93 219 240 240 240 240  40 191 235 240 240 240 240 240
240 240 206  42 219 232 191  40 240 240 240 240 240 240 240 240
240 240 234 206  93 156 122 191 240 240 240 240 240 240 240 240
240 240 240 240 184 121 180 235 240 240 240 240 240 240 240 240
240 240 240 240 237 225 235 240 240 240 240 240 240 240 240 240
240 240 240 240 240 240 240 240 240 235 221 217 217 217 221 237
240 240 240 240 240 240 240 240 235 180 103  82  37  37  69 221
240 240 240 240 240 240 240 240 191 122 173 195  33   5  37 217
240 240 240 240 240 240 240 240  40 191 235 240 197  33  37 217
240 240 240 240 240 235 191  40 219  93 184 237 240 195  82 217
240 240 240 240 235 180 122 191 236 185 122 184 235 173 103 221
240 240 240 240 191 122 180 235 240 231 185  93 191 122 180 235
240 240 240 240  40 191 235 240 240 240 236 219  40 191 235 240
240 235 191  40 240 240 240 240 240 235 191  40 240 240 240 240
235 180 122 191 240 240 240 240 235 180 122 191 240 240 240 240
225 121 156 232 240 240 240 240 191 122 180 235 240 240 240 240
237 184  93 219 240 240 240 240  40 191 235 240 240 240 240 240
240 240 206  42 219 232 191  40 240 240 240 240 240 240 240 240
240 240 234 206  93 156 122 191 240 240 240 240 240 240 240 240
240 240 240 240 184 121 180 235 240 240 240 240 240 240 240 240
240 240 240 240 237 225 235 240 240 240 240 240 240 240 240 240

238 221 218 218 218 222 236 240 240 240 240 240 240 240 240 240
221  69  38  38  83 104 181 236 240 240 240 240 240 240 240 240
218  38   6  34 195 174 122 191 240 240 240 240 240 240 240 240
218  38  34 197 240 236 191  41 240 240 240 240 240 240 240 240
218  83 195 240 238 184  93 220  41 191 236 240 240 240 240 240
222 104 174 236 184 123 186 236 191 122 181 236 240 240 240 240
236 181 122 191  93 186 232 240 236 181 122 191 240 240 240 240
240 236 191  41 220 236 240 240 240 236 191  41 240 240 240 240
240 240 240 240  41 191 236 240 240 240 240 240  41 191 236 240
240 240 240 240 191 122 181 236 240 240 240 240 191 122 181 236
240 240 240 240 236 181 122 191 240 240 240 240 232 156 121 225
240 240 240 240 240 236 191  41 240 240 240 240 220  93 184 238
240 240 240 240 240 240 240 240  41 191 232 220  43 206 240 240
240 240 240 240 240 240 240 240 191 122 156  93 206 234 240 240
240 240 240 240 240 240 240 240 236 181 121 184 240 240 240 240
240 240 240 240 240 240 240 240 240 236 225 238 240 240 240 240
238 221 218 218 218 222 236 240 240 240 240 240 240 240 240 240
221  69  38  38  83 104 181 236 240 240 240 240 240 240 240 240
218  38   6  34 195 174 122 191 240 240 240 240 240 240 240 240
218  38  34 197 240 236 191  41 240 240 240 240 240 240 240 240
218  83 195 240 238 184  93 220  41 191 236 240 240 240 240 240
222 104 174 236 184 123 186 236 191 122 181 236 240 240 240 240
236 181 122 191  93 186 232 240 236 181 122 191 240 240 240 240
240 236 191  41 220 236 240 240 240 236 191  41 240 240 240 240
240 240 240 240  41 191 236 240 240 240 240 240  41 191 236 240
240 240 240 240 191 122 181 236 240 240 240 240 191 122 181 236
240 240 240 240 236 181 122 191 240 240 240 240 232 156 121 225
240 240 240 240 240 236 191  41 240 240 240 240 220  93 184 238
240 240 240 240 240 240 240 240  41 191 232 220  43 206 240 240
240 240 240 240 240 240 240 240 191 122 156  93 206 234 240 240
240 240 240 240 240 240 240 240 236 181 121 184 240 240 240 240
240 240 240 240 240 240 240 240 240 236 225 238 240 240 240 240
238 221 218 218 218 222 236 240 240 240 240 240 240 240 240 240
221  69  38  38  83 104 181 236 240 240 240 240 240 240 240 240
218  38   6  34 195 174 122 191 240 240 240 240 240 240 240 240
218  38  34 197 240 236 191  41 240 240 240 240 240 240 240 240
218  83 195 240 238 184  93 220  41 191 236 240 240 240 240 240
222 104 174 236 184 123 186 236 191 122 181 236 240 240 240 240
236 181 122 191  93 186 232 240 236 181 122 191 240 240 240 240
240 236 191  41 220 236 240 240 240 236 191  41 240 240 240 240
240 240 240 240  41 191 236 240 240 240 240 240  41 191 236 240
240 240 240 240 191 122 181 236 240 240 240 240 191 122 181 236
240 240 240 240 236 181 122 191 240 240 240 240 232 156 121 225
240 240 240 240 240 236 191  41 240 240 240 240 220  93 184 238
240 240 240 240 240 240 240 240  41 191 232 220  43 206 240 240
240 240 240 240 240 240 240 240 191 122 156  93 206 234 240 240
240 240 240 240 240 240 240 240 236 181 121 184 240 240 240 240
240 240 240 240 240 240 240 240 240 236 225 238 240 240 240 240
