240 240 240 240 240 240 240 240 240 240 240 240 240 240 240 240
240 240 240 240 240 240   0   0   0   0 240 240 240 240 240 240
240 240 240 240 240 240   0 240 240   0 240 240 240 240 240 240
240 240 240 240 240 240   0 240 240   0 240 240 240 240 240 240
240 240 240 240 240 240   0 240 240   0 240 240 240 240 240 240
240 240 240 240 240 240   0 240 240   0 240 240 240 240 240 240
240   0   0   0   0   0   0 240 240   0   0   0   0   0   0 240
240   0 240 240 240 240 240 240 240 240 240 240 240 240   0 240
240   0 240 240 240 240 240 240 240 240 240 240 240 240   0 240
240   0   0   0   0   0   0 240 240   0   0   0   0   0   0 240
240 240 240 240 240 240   0 240 240   0 240 240 240 240 240 240
240 240 240 240 240 240   0 240 240   0 240 240 240 240 240 240
240 240 240 240 240 240   0 240 240   0 240 240 240 240 240 240
240 240 240 240 240 240   0 240 240   0 240 240 240   0   0 240
240 240 240 240 240 240   0   0   0   0 240 240 240   0   0 240
240 240 240 240 240 240 240 240 240 240 240 240 240 240 240 240
240 240 240 240 240 240 240 240 240 240 240 240 240 240 240 240
240 240 240 240 240 240   0   0   0   0 240 240 240 240 240 240
240 240 240 240 240 240   0 240 240   0 240 240 240 240 240 240
240 240 240 240 240 240   0 240 240   0 240 240 240 240 240 240
240 240 240 240 240 240   0 240 240   0 240 240 240 240 240 240
240 240 240 240 240 240   0 240 240   0 240 240 240 240 240 240
240   0   0   0   0   0   0 240 240   0   0   0   0   0   0 240
240   0 240 240 240 240 240 240 240 240 240 240 240 240   0 240
240   0 240 240 240 240 240 240 240 240 240 240 240 240   0 240
240   0   0   0   0   0   0 240 240   0   0   0   0   0   0 240
240 240 240 240 240 240   0 240 240   0 240 240 240 240 240 240
240 240 240 240 240 240   0 240 240   0 240 240 240 240 240 240
240 240 240 240 240 240   0 240 240   0 240 240 240 240 240 240
240 240 240 240 240 240   0 240 240   0 240 240 240   0   0 240
240 240 240 240 240 240   0   0   0   0 240 240 240   0   0 240
240 240 240 240 240 240 240 240 240 240 240 240 240 240 240 240
240 240 240 240 240 240 240 240 240 240 240 240 240 240 240 240
240 240 240 240 240 240   0   0   0   0 240 240 240 240 240 240
240 240 240 240 240 240   0 240 240   0 240 240 240 240 240 240
240 240 240 240 240 240   0 240 240   0 240 240 240 240 240 240
240 240 240 240 240 240   0 240 240   0 240 240 240 240 240 240
240 240 240 240 240 240   0 240 240   0 240 240 240 240 240 240
240   0   0   0   0   0   0 240 240   0   0   0   0   0   0 240
240   0 240 240 240 240 240 240 240 240 240 240 240 240   0 240
240   0 240 240 240 240 240 240 240 240 240 240 240 240   0 240
240   0   0   0   0   0   0 240 240   0   0   0   0   0   0 240
240 240 240 240 240 240   0 240 240   0 240 240 240 240 240 240
240 240 240 240 240 240   0 240 240   0 240 240 240 240 240 240
240 240 240 240 240 240   0 240 240   0 240 240 240 240 240 240
240 240 240 240 240 240   0 240 240   0 240 240 240   0   0 240
240 240 240 240 240 240   0   0   0   0 240 240 240   0   0 240
240 240 240 240 240 240 240 240 240 240 240 240 240 240 240 240

240 240 240 240 240 240 240 240 240 240 240 240 240 240 240 240
240 240 240 240 240 240   0   0   0   0 240 240 240   0   0 240
240 240 240 240 240 240   0 240 240   0 240 240 240   0   0 240
240 240 240 240 240 240   0 240 240   0 240 240 240 240 240 240
240 240 240 240 240 240   0 240 240   0 240 240 240 240 240 240
240 240 240 240 240 240   0 240 240   0 240 240 240 240 240 240
240   0   0   0   0   0   0 240 240   0   0   0   0   0   0 240
240   0 240 240 240 240 240 240 240 240 240 240 240 240   0 240
240   0 240 240 240 240 240 240 240 240 240 240 240 240   0 240
240   0   0   0   0   0   0 240 240   0   0   0   0   0   0 240
240 240 240 240 240 240   0 240 240   0 240 240 240 240 240 240
240 240 240 240 240 240   0 240 240   0 240 240 240 240 240 240
240 240 240 240 240 240   0 240 240   0 240 240 240 240 240 240
240 240 240 240 240 240   0 240 240   0 240 240 240 240 240 240
240 240 240 240 240 240   0   0   0   0 240 240 240 240 240 240
240 240 240 240 240 240 240 240 240 240 240 240 240 240 240 240
240 240 240 240 240 240 240 240 240 240 240 240 240 240 240 240
240 240 240 240 240 240   0   0   0   0 240 240 240   0   0 240
240 240 240 240 240 240   0 240 240   0 240 240 240   0   0 240
240 240 240 240 240 240   0 240 240   0 240 240 240 240 240 240
240 240 240 240 240 240   0 240 240   0 240 240 240 240 240 240
240 240 240 240 240 240   0 240 240   0 240 240 240 240 240 240
240   0   0   0   0   0   0 240 240   0   0   0   0   0   0 240
240   0 240 240 240 240 240 240 240 240 240 240 240 240   0 240
240   0 240 240 240 240 240 240 240 240 240 240 240 240   0 240
240   0   0   0   0   0   0 240 240   0   0   0   0   0   0 240
240 240 240 240 240 240   0 240 240   0 240 240 240 240 240 240
240 240 240 240 240 240   0 240 240   0 240 240 240 240 240 240
240 240 240 240 240 240   0 240 240   0 240 240 240 240 240 240
240 240 240 240 240 240   0 240 240   0 240 240 240 240 240 240
240 240 240 240 240 240   0   0   0   0 240 240 240 240 240 240
240 240 240 240 240 240 240 240 240 240 240 240 240 240 240 240
240 240 240 240 240 240 240 240 240 240 240 240 240 240 240 240
240 240 240 240 240 240   0   0   0   0 240 240 240   0   0 240
240 240 240 240 240 240   0 240 240   0 240 240 240   0   0 240
240 240 240 240 240 240   0 240 240   0 240 240 240 240 240 240
240 240 240 240 240 240   0 240 240   0 240 240 240 240 240 240
240 240 240 240 240 240   0 240 240   0 240 240 240 240 240 240
240   0   0   0   0   0   0 240 240   0   0   0   0   0   0 240
240   0 240 240 240 240 240 240 240 240 240 240 240 240   0 240
240   0 240 240 240 240 240 240 240 240 240 240 240 240   0 240
240   0   0   0   0   0   0 240 240   0   0   0   0   0   0 240
240 240 240 240 240 240   0 240 240   0 240 240 240 240 240 240
240 240 240 240 240 240   0 240 240   0 240 240 240 240 240 240
240 240 240 240 240 240   0 240 240   0 240 240 240 240 240 240
240 240 240 240 240 240   0 240 240   0 240 240 240 240 240 240
240 240 240 240 240 240   0   0   0   0 240 240 240 240 240 240
240 240 240 240 240 240 240 240 240 240 240 240 240 240 240 240

237 221 221 237 240 235 221 217 217 221 235 240 240 240 240 240
221  69  69 221 240 202  82  78  78  82 202 240 240 240 240 240
221  69  69 221 240 195  75 176 176  75 195 240 240 240 240 240
237 221 221 237 240 195  82 217 217  82 195 240 240 240 240 240
240 240 240 240 240 195  82 217 217  82 195 240 240 240 240 240
235 202 195 195 195 158  74 217 217  74 158 195 195 195 202 235
221  82  75  82  82  74  77 221 221  77  74  82  82  75  82 221
217  78 176 217 217 217 221 237 237 221 217 217 217 176  78 217
217  78 176 217 217 217 221 237 237 221 217 217 217 176  78 217
221  82  75  82  82  74  77 221 221  77  74  82  82  75  82 221
235 202 195 195 195 158  74 217 217  74 158 195 195 195 202 235
240 240 240 240 240 195  82 217 217  82 195 240 240 240 240 240
240 240 240 240 240 195  82 217 217  82 195 240 240 240 240 240
240 240 240 240 240 195  75 176 176  75 195 240 240 240 240 240
240 240 240 240 240 202  82  78  78  82 202 240 240 240 240 240
240 240 240 240 240 235 221 217 217 221 235 240 240 240 240 240
237 221 221 237 240 235 221 217 217 221 235 240 240 240 240 240
221  69  69 221 240 202  82  78  78  82 202 240 240 240 240 240
221  69  69 221 240 195  75 176 176  75 195 240 240 240 240 240
237 221 221 237 240 195  82 217 217  82 195 240 240 240 240 240
240 240 240 240 240 195  82 217 217  82 195 240 240 240 240 240
235 202 195 195 195 158  74 217 217  74 158 195 195 195 202 235
221  82  75  82  82  74  77 221 221  77  74  82  82  75  82 221
217  78 176 217 217 217 221 237 237 221 217 217 217 176  78 217
217  78 176 217 217 217 221 237 237 221 217 217 217 176  78 217
221  82  75  82  82  74  77 221 221  77  74  82  82  75  82 221
235 202 195 195 195 158  74 217 217  74 158 195 195 195 202 235
240 240 240 240 240 195  82 217 217  82 195 240 240 240 240 240
240 240 240 240 240 195  82 217 217  82 195 240 240 240 240 240
240 240 240 240 240 195  75 176 176  75 195 240 240 240 240 240
240 240 240 240 240 202  82  78  78  82 202 240 240 240 240 240
240 240 240 240 240 235 221 217 217 221 235 240 240 240 240 240
237 221 221 237 240 235 221 217 217 221 235 240 240 240 240 240
221  69  69 221 240 202  82  78  78  82 202 240 240 240 240 240
221  69  69 221 240 195  75 176 176  75 195 240 240 240 240 240
237 221 221 237 240 195  82 217 217  82 195 240 240 240 240 240
240 240 240 240 240 195  82 217 217  82 195 240 240 240 240 240
235 202 195 195 195 158  74 217 217  74 158 195 195 195 202 235
221  82  75  82  82  74  77 221 221  77  74  82  82  75  82 221
217  78 176 217 217 217 221 237 237 221 217 217 217 176  78 217
217  78 176 217 217 217 221 237 237 221 217 217 217 176  78 217
221  82  75  82  82  74  77 221 221  77  74  82  82  75  82 221
235 202 195 195 195 158  74 217 217  74 158 195 195 195 202 235
240 240 240 240 240 195  82 217 217  82 195 240 240 240 240 240
240 240 240 240 240 195  82 217 217  82 195 240 240 240 240 240
240 240 240 240 240 195  75 176 176  75 195 240 240 240 240 240
240 240 240 240 240 202  82  78  78  82 202 240 240 240 240 240
240 240 240 240 240 235 221 217 217 221 235 240 240 240 240 240

240 240 240 240 240 236 222 218 218 222 236 240 240 240 240 240
240 240 240 240 240 202  83  78  78  83 202 240 240 240 240 240
240 240 240 240 240 195  75 177 177  75 195 240 240 240 240 240
240 240 240 240 240 195  83 218 218  83 195 240 240 240 240 240
240 240 240 240 240 195  83 218 218  83 195 240 240 240 240 240
236 202 195 195 195 158  74 218 218  74 158 195 195 195 202 236
222  83  75  83  83  74  78 221 221  78  74  83  83  75  83 222
218  78 177 218 218 218 221 238 238 221 218 218 218 177  78 218
218  78 177 218 218 218 221 238 238 221 218 218 218 177  78 218
222  83  75  83  83  74  78 221 221  78  74  83  83  75  83 222
236 202 195 195 195 158  74 218 218  74 158 195 195 195 202 236
240 240 240 240 240 195  83 218 218  83 195 240 240 240 240 240
238 221 221 238 240 195  83 218 218  83 195 240 240 240 240 240
221  69  69 221 240 195  75 177 177  75 195 240 240 240 240 240
221  69  69 221 240 202  83  78  78  83 202 240 240 240 240 240
238 221 221 238 240 236 222 218 218 222 236 240 240 240 240 240
240 240 240 240 240 236 222 218 218 222 236 240 240 240 240 240
240 240 240 240 240 202  83  78  78  83 202 240 240 240 240 240
240 240 240 240 240 195  75 177 177  75 195 240 240 240 240 240
240 240 240 240 240 195  83 218 218  83 195 240 240 240 240 240
240 240 240 240 240 195  83 218 218  83 195 240 240 240 240 240
236 202 195 195 195 158  74 218 218  74 158 195 195 195 202 236
222  83  75  83  83  74  78 221 221  78  74  83  83  75  83 222
218  78 177 218 218 218 221 238 238 221 218 218 218 177  78 218
218  78 177 218 218 218 221 238 238 221 218 218 218 177  78 218
222  83  75  83  83  74  78 221 221  78  74  83  83  75  83 222
236 202 195 195 195 158  74 218 218  74 158 195 195 195 202 236
240 240 240 240 240 195  83 218 218  83 195 240 240 240 240 240
238 221 221 238 240 195  83 218 218  83 195 240 240 240 240 240
221  69  69 221 240 195  75 177 177  75 195 240 240 240 240 240
221  69  69 221 240 202  83  78  78  83 202 240 240 240 240 240
238 221 221 238 240 236 222 218 218 222 236 240 240 240 240 240
240 240 240 240 240 236 222 218 218 222 236 240 240 240 240 240
240 240 240 240 240 202  83  78  78  83 202 240 240 240 240 240
240 240 240 240 240 195  75 177 177  75 195 240 240 240 240 240
240 240 240 240 240 195  83 218 218  83 195 240 240 240 240 240
240 240 240 240 240 195  83 218 218  83 195 240 240 240 240 240
236 202 195 195 195 158  74 218 218  74 158 195 195 195 202 236
222  83  75  83  83  74  78 221 221  78  74  83  83  75  83 222
218  78 177 218 218 218 221 238 238 221 218 218 218 177  78 218
218  78 177 218 218 218 221 238 238 221 218 218 218 177  78 218
222  83  75  83  83  74  78 221 221  78  74  83  83  75  83 222
236 202 195 195 195 158  74 218 218  74 158 195 195 195 202 236
240 240 240 240 240 195  83 218 218  83 195 240 240 240 240 240
238 221 221 238 240 195  83 218 218  83 195 240 240 240 240 240
221  69  69 221 240 195  75 177 177  75 195 240 240 240 240 240
221  69  69 221 240 202  83  78  78  83 202 240 240 240 240 240
238 221 221 238 240 236 222 218 218 222 236 240 240 240 240 240
