240 240 240 240 240 240 240 240 240 240 240 240 240 240 240 240
240 240 240 240 240 240   0   0   0   0 240 240 240 240 240 240
240 240 240 240   0   0 240 240 240 240   0   0 240 240 240 240
240 240 240   0 240 240 240   0 240 240 240 240   0 240 240 240
240 240   0 240 240 240 240   0 240 240 240 240 240   0 240 240
240 240   0 240 240 240 240   0 240 240 240 240 240   0 240 240
240   0 240 240 240 240 240   0 240 240 240 240 240 240   0 240
240   0 240 240 240 240 240   0 240 240 240 240 240 240   0 240
240   0 240 240 240 240 240   0   0   0   0 240 240 240   0 240
240   0 240 240 240 240 240 240 240 240 240 240 240 240   0 240
240 240   0 240 240 240 240 240 240 240 240 240 240   0 240 240
240 240   0 240 240 240 240 240 240 240 240 240 240   0 240 240
240 240 240   0 240 240 240 240 240 240 240 240   0 240 240 240
240 240 240 240   0   0 240 240 240 240   0   0 240 240 240 240
240 240 240 240 240 240   0   0   0   0 240 240 240 240 240 240
240 240 240 240 240 240 240 240 240 240 240 240 240 240 240 240
240 240 240 240 240 240 240 240 240 240 240 240 240 240 240 240
240 240 240 240 240 240   0   0   0   0 240 240 240 240 240 240
240 240 240 240   0   0 240 240 240 240   0   0 240 240 240 240
240 240 240   0 240 240 240   0 240 240 240 240   0 240 240 240
240 240   0 240 240 240 240   0 240 240 240 240 240   0 240 240
240 240   0 240 240 240 240   0 240 240 240 240 240   0 240 240
240   0 240 240 240 240 240   0 240 240 240 240 240 240   0 240
240   0 240 240 240 240 240   0 240 240 240 240 240 240   0 240
240   0 240 240 240 240 240   0   0   0   0 240 240 240   0 240
240   0 240 240 240 240 240 240 240 240 240 240 240 240   0 240
240 240   0 240 240 240 240 240 240 240 240 240 240   0 240 240
240 240   0 240 240 240 240 240 240 240 240 240 240   0 240 240
240 240 240   0 240 240 240 240 240 240 240 240   0 240 240 240
240 240 240 240   0   0 240 240 240 240   0   0 240 240 240 240
240 240 240 240 240 240   0   0   0   0 240 240 240 240 240 240
240 240 240 240 240 240 240 240 240 240 240 240 240 240 240 240
240 240 240 240 240 240 240 240 240 240 240 240 240 240 240 240
240 240 240 240 240 240   0   0   0   0 240 240 240 240 240 240
240 240 240 240   0   0 240 240 240 240   0   0 240 240 240 240
240 240 240   0 240 240 240   0 240 240 240 240   0 240 240 240
240 240   0 240 240 240 240   0 240 240 240 240 240   0 240 240
240 240   0 240 240 240 240   0 240 240 240 240 240   0 240 240
240   0 240 240 240 240 240   0 240 240 240 240 240 240   0 240
240   0 240 240 240 240 240   0 240 240 240 240 240 240   0 240
240   0 240 240 240 240 240   0   0   0   0 240 240 240   0 240
240   0 240 240 240 240 240 240 240 240 240 240 240 240   0 240
240 240   0 240 240 240 240 240 240 240 240 240 240   0 240 240
240 240   0 240 240 240 240 240 240 240 240 240 240   0 240 240
240 240 240   0 240 240 240 240 240 240 240 240   0 240 240 240
240 240 240 240   0   0 240 240 240 240   0   0 240 240 240 240
240 240 240 240 240 240   0   0   0   0 240 240 240 240 240 240
240 240 240 240 240 240 240 240 240 240 240 240 240 240 240 240

240 240 240 240 240 240 240 240 240 240 240 240 240 240 240 240
240 240 240 240 240 240   0   0   0   0 240 240 240 240 240 240
240 240 240 240   0   0 240 240 240 240   0   0 240 240 240 240
240 240 240   0 240 240 240 240 240 240 240 240   0 240 240 240
240 240   0 240 240 240 240 240 240 240 240 240 240   0 240 240
240 240   0 240 240 240 240 240   0 240 240 240 240   0 240 240
240   0 240 240 240 240 240 240   0 240 240 240 240 240   0 240
240   0 240 240 240 240 240 240   0 240 240 240 240 240   0 240
240   0 240   0   0   0   0   0   0 240 240 240 240 240   0 240
240   0 240 240 240 240 240 240 240 240 240 240 240 240   0 240
240 240   0 240 240 240 240 240 240 240 240 240 240   0 240 240
240 240   0 240 240 240 240 240 240 240 240 240 240   0 240 240
240 240 240   0 240 240 240 240 240 240 240 240   0 240 240 240
240 240 240 240   0   0 240 240 240 240   0   0 240 240 240 240
240 240 240 240 240 240   0   0   0   0 240 240 240 240 240 240
240 240 240 240 240 240 240 240 240 240 240 240 240 240 240 240
240 240 240 240 240 240 240 240 240 240 240 240 240 240 240 240
240 240 240 240 240 240   0   0   0   0 240 240 240 240 240 240
240 240 240 240   0   0 240 240 240 240   0   0 240 240 240 240
240 240 240   0 240 240 240 240 240 240 240 240   0 240 240 240
240 240   0 240 240 240 240 240 240 240 240 240 240   0 240 240
240 240   0 240 240 240 240 240   0 240 240 240 240   0 240 240
240   0 240 240 240 240 240 240   0 240 240 240 240 240   0 240
240   0 240 240 240 240 240 240   0 240 240 240 240 240   0 240
240   0 240   0   0   0   0   0   0 240 240 240 240 240   0 240
240   0 240 240 240 240 240 240 240 240 240 240 240 240   0 240
240 240   0 240 240 240 240 240 240 240 240 240 240   0 240 240
240 240   0 240 240 240 240 240 240 240 240 240 240   0 240 240
240 240 240   0 240 240 240 240 240 240 240 240   0 240 240 240
240 240 240 240   0   0 240 240 240 240   0   0 240 240 240 240
240 240 240 240 240 240   0   0   0   0 240 240 240 240 240 240
240 240 240 240 240 240 240 240 240 240 240 240 240 240 240 240
240 240 240 240 240 240 240 240 240 240 240 240 240 240 240 240
240 240 240 240 240 240   0   0   0   0 240 240 240 240 240 240
240 240 240 240   0   0 240 240 240 240   0   0 240 240 240 240
240 240 240   0 240 240 240 240 240 240 240 240   0 240 240 240
240 240   0 240 240 240 240 240 240 240 240 240 240   0 240 240
240 240   0 240 240 240 240 240   0 240 240 240 240   0 240 240
240   0 240 240 240 240 240 240   0 240 240 240 240 240   0 240
240   0 240 240 240 240 240 240   0 240 240 240 240 240   0 240
240   0 240   0   0   0   0   0   0 240 240 240 240 240   0 240
240   0 240 240 240 240 240 240 240 240 240 240 240 240   0 240
240 240   0 240 240 240 240 240 240 240 240 240 240   0 240 240
240 240   0 240 240 240 240 240 240 240 240 240 240   0 240 240
240 240 240   0 240 240 240 240 240 240 240 240   0 240 240 240
240 240 240 240   0   0 240 240 240 240   0   0 240 240 240 240
240 240 240 240 240 240   0   0   0   0 240 240 240 240 240 240
240 240 240 240 240 240 240 240 240 240 240 240 240 240 240 240

240 240 240 240 240 235 221 217 217 221 235 240 240 240 240 240
240 240 240 240 195 173 103  82  82 103 173 195 240 240 240 240
240 240 234 206  82 103 173 195 195 173 103  82 206 234 240 240
240 240 206  42 217 221 235 240 240 235 221 217  42 206 240 240
240 195  82 217 240 240 240 240 240 240 240 240 217  82 195 240
235 173 103 221 240 240 240 240 240 240 240 240 221 103 173 235
221 103 173 235 236 208 202 202 206 234 240 240 235 173 103 221
217  82 195 240 219  56  22  22  42 206 240 240 240 195  82 217
217  82 195 240 240 240 240 240  22 202 240 240 240 195  82 217
221 103 173 235 240 240 240 240  22 202 240 240 235 173 103 221
235 173 103 221 240 240 240 240  22 202 240 240 221 103 173 235
240 195  82 217 240 240 240 240  22 202 240 240 217  82 195 240
240 240 206  42 217 221 235 240  42 201 221 217  42 206 240 240
240 240 234 206  82 103 173 195 161 168 103  82 206 234 240 240
240 240 240 240 195 173 103  82  82 103 173 195 240 240 240 240
240 240 240 240 240 235 221 217 217 221 235 240 240 240 240 240
240 240 240 240 240 235 221 217 217 221 235 240 240 240 240 240
240 240 240 240 195 173 103  82  82 103 173 195 240 240 240 240
240 240 234 206  82 103 173 195 195 173 103  82 206 234 240 240
240 240 206  42 217 221 235 240 240 235 221 217  42 206 240 240
240 195  82 217 240 240 240 240 240 240 240 240 217  82 195 240
235 173 103 221 240 240 240 240 240 240 240 240 221 103 173 235
221 103 173 235 236 208 202 202 206 234 240 240 235 173 103 221
217  82 195 240 219  56  22  22  42 206 240 240 240 195  82 217
217  82 195 240 240 240 240 240  22 202 240 240 240 195  82 217
221 103 173 235 240 240 240 240  22 202 240 240 235 173 103 221
235 173 103 221 240 240 240 240  22 202 240 240 221 103 173 235
240 195  82 217 240 240 240 240  22 202 240 240 217  82 195 240
240 240 206  42 217 221 235 240  42 201 221 217  42 206 240 240
240 240 234 206  82 103 173 195 161 168 103  82 206 234 240 240
240 240 240 240 195 173 103  82  82 103 173 195 240 240 240 240
240 240 240 240 240 235 221 217 217 221 235 240 240 240 240 240
240 240 240 240 240 235 221 217 217 221 235 240 240 240 240 240
240 240 240 240 195 173 103  82  82 103 173 195 240 240 240 240
240 240 234 206  82 103 173 195 195 173 103  82 206 234 240 240
240 240 206  42 217 221 235 240 240 235 221 217  42 206 240 240
240 195  82 217 240 240 240 240 240 240 240 240 217  82 195 240
235 173 103 221 240 240 240 240 240 240 240 240 221 103 173 235
221 103 173 235 236 208 202 202 206 234 240 240 235 173 103 221
217  82 195 240 219  56  22  22  42 206 240 240 240 195  82 217
217  82 195 240 240 240 240 240  22 202 240 240 240 195  82 217
221 103 173 235 240 240 240 240  22 202 240 240 235 173 103 221
235 173 103 221 240 240 240 240  22 202 240 240 221 103 173 235
240 195  82 217 240 240 240 240  22 202 240 240 217  82 195 240
240 240 206  42 217 221 235 240  42 201 221 217  42 206 240 240
240 240 234 206  82 103 173 195 161 168 103  82 206 234 240 240
240 240 240 240 195 173 103  82  82 103 173 195 240 240 240 240
240 240 240 240 240 235 221 217 217 221 235 240 240 240 240 240

240 240 240 240 240 236 222 218 218 222 236 240 240 240 240 240
240 240 240 240 195 174 104  83  83 104 174 195 240 240 240 240
240 240 234 206  83 104 174 195 195 174 104  83 206 234 240 240
240 240 206  43 218 222 236 240 240 236 222 218  43 206 240 240
240 195  83 218 240 240 240 240 240 240 240 240 218  83 195 240
236 174 104 222 240 240 240 240 240 240 240 240 222 104 174 236
222 104 174 236 240 240 234 206 203 203 203 203 202 168 104 222
218  83 195 240 240 240 206  43  23  23  23  23  43 161  83 218
218  83 195 240 240 240 203  23 240 240 240 240 240 195  83 218
222 104 174 236 240 240 203  23 240 240 240 240 236 174 104 222
236 174 104 222 240 240 208  56 240 240 240 240 222 104 174 236
240 195  83 218 240 240 236 220 240 240 240 240 218  83 195 240
240 240 206  43 218 222 236 240 240 236 222 218  43 206 240 240
240 240 234 206  83 104 174 195 195 174 104  83 206 234 240 240
240 240 240 240 195 174 104  83  83 104 174 195 240 240 240 240
240 240 240 240 240 236 222 218 218 222 236 240 240 240 240 240
240 240 240 240 240 236 222 218 218 222 236 240 240 240 240 240
240 240 240 240 195 174 104  83  83 104 174 195 240 240 240 240
240 240 234 206  83 104 174 195 195 174 104  83 206 234 240 240
240 240 206  43 218 222 236 240 240 236 222 218  43 206 240 240
240 195  83 218 240 240 240 240 240 240 240 240 218  83 195 240
236 174 104 222 240 240 240 240 240 240 240 240 222 104 174 236
222 104 174 236 240 240 234 206 203 203 203 203 202 168 104 222
218  83 195 240 240 240 206  43  23  23  23  23  43 161  83 218
218  83 195 240 240 240 203  23 240 240 240 240 240 195  83 218
222 104 174 236 240 240 203  23 240 240 240 240 236 174 104 222
236 174 104 222 240 240 208  56 240 240 240 240 222 104 174 236
240 195  83 218 240 240 236 220 240 240 240 240 218  83 195 240
240 240 206  43 218 222 236 240 240 236 222 218  43 206 240 240
240 240 234 206  83 104 174 195 195 174 104  83 206 234 240 240
240 240 240 240 195 174 104  83  83 104 174 195 240 240 240 240
240 240 240 240 240 236 222 218 218 222 236 240 240 240 240 240
240 240 240 240 240 236 222 218 218 222 236 240 240 240 240 240
240 240 240 240 195 174 104  83  83 104 174 195 240 240 240 240
240 240 234 206  83 104 174 195 195 174 104  83 206 234 240 240
240 240 206  43 218 222 236 240 240 236 222 218  43 206 240 240
240 195  83 218 240 240 240 240 240 240 240 240 218  83 195 240
236 174 104 222 240 240 240 240 240 240 240 240 222 104 174 236
222 104 174 236 240 240 234 206 203 203 203 203 202 168 104 222
218  83 195 240 240 240 206  43  23  23  23  23  43 161  83 218
218  83 195 240 240 240 203  23 240 240 240 240 240 195  83 218
222 104 174 236 240 240 203  23 240 240 240 240 236 174 104 222
236 174 104 222 240 240 208  56 240 240 240 240 222 104 174 236
240 195  83 218 240 240 236 220 240 240 240 240 218  83 195 240
240 240 206  43 218 222 236 240 240 236 222 218  43 206 240 240
240 240 234 206  83 104 174 195 195 174 104  83 206 234 240 240
240 240 240 240 195 174 104  83  83 104 174 195 240 240 240 240
240 240 240 240 240 236 222 218 218 222 236 240 240 240 240 240
