240 240 240 240 240 240 240 240 240 240 240 240 240 240 240 240
240 240 240 240 240 240 240   0   0   0   0 240 240 240 240 240
240 240 240 240 240 240   0 240 240 240   0 240 240 240 240 240
240 240 240 240 240 240   0 240 240   0 240 240 240 240 240 240
240 240 240 240 240 240   0 240 240   0 240 240 240 240 240 240
240 240 240 240 240 240   0 240 240   0 240 240 240   0   0 240
240 240 240 240 240 240   0 240 240 240   0   0   0 240   0 240
240 240 240 240 240   0 240 240 240 240 240 240 240 240   0 240
240 240 240 240   0 240 240 240 240 240 240 240 240 240   0 240
240 240 240   0 240 240 240 240 240   0   0   0   0   0 240 240
240 240   0 240 240 240 240 240   0 240 240 240 240 240 240 240
240   0 240 240 240 240 240   0 240 240 240 240 240 240 240 240
240   0 240 240 240 240   0 240 240 240 240 240 240 240 240 240
240   0 240 240 240   0 240 240 240 240 240 240 240 240 240 240
240   0   0   0   0 240 240 240 240 240 240 240 240 240 240 240
240 240 240 240 240 240 240 240 240 240 240 240 240 240 240 240
240 240 240 240 240 240 240 240 240 240 240 240 240 240 240 240
240 240 240 240 240 240 240   0   0   0   0 240 240 240 240 240
240 240 240 240 240 240   0 240 240 240   0 240 240 240 240 240
240 240 240 240 240 240   0 240 240   0 240 240 240 240 240 240
240 240 240 240 240 240   0 240 240   0 240 240 240 240 240 240
240 240 240 240 240 240   0 240 240   0 240 240 240   0   0 240
240 240 240 240 240 240   0 240 240 240   0   0   0 240   0 240
240 240 240 240 240   0 240 240 240 240 240 240 240 240   0 240
240 240 240 240   0 240 240 240 240 240 240 240 240 240   0 240
240 240 240   0 240 240 240 240 240   0   0   0   0   0 240 240
240 240   0 240 240 240 240 240   0 240 240 240 240 240 240 240
240   0 240 240 240 240 240   0 240 240 240 240 240 240 240 240
240   0 240 240 240 240   0 240 240 240 240 240 240 240 240 240
240   0 240 240 240   0 240 240 240 240 240 240 240 240 240 240
240   0   0   0   0 240 240 240 240 240 240 240 240 240 240 240
240 240 240 240 240 240 240 240 240 240 240 240 240 240 240 240
240 240 240 240 240 240 240 240 240 240 240 240 240 240 240 240
240 240 240 240 240 240 240   0   0   0   0 240 240 240 240 240
240 240 240 240 240 240   0 240 240 240   0 240 240 240 240 240
240 240 240 240 240 240   0 240 240   0 240 240 240 240 240 240
240 240 240 240 240 240   0 240 240   0 240 240 240 240 240 240
240 240 240 240 240 240   0 240 240   0 240 240 240   0   0 240
240 240 240 240 240 240   0 240 240 240   0   0   0 240   0 240
240 240 240 240 240   0 240 240 240 240 240 240 240 240   0 240
240 240 240 240   0 240 240 240 240 240 240 240 240 240   0 240
240 240 240   0 240 240 240 240 240   0   0   0   0   0 240 240
240 240   0 240 240 240 240 240   0 240 240 240 240 240 240 240
240   0 240 240 240 240 240   0 240 240 240 240 240 240 240 240
240   0 240 240 240 240   0 240 240 240 240 240 240 240 240 240
240   0 240 240 240   0 240 240 240 240 240 240 240 240 240 240
240   0   0   0   0 240 240 240 240 240 240 240 240 240 240 240
240 240 240 240 240 240 240 240 240 240 240 240 240 240 240 240

240 240 240 240 240 240 240 240 240 240 240 240 240 240 240 240
240 240 240 240 240   0   0   0   0 240 240 240 240 240 240 240
240 240 240 240 240   0 240 240 240   0 240 240 240 240 240 240
240 240 240 240 240 240   0 240 240   0 240 240 240 240 240 240
240 240 240 240 240 240   0 240 240   0 240 240 240 240 240 240
240   0   0 240 240 240   0 240 240   0 240 240 240 240 240 240
240   0 240   0   0   0 240 240 240   0 240 240 240 240 240 240
240   0 240 240 240 240 240 240 240 240   0 240 240 240 240 240
240   0 240 240 240 240 240 240 240 240 240   0 240 240 240 240
240 240   0   0   0   0   0 240 240 240 240 240   0 240 240 240
240 240 240 240 240 240 240   0 240 240 240 240 240   0 240 240
240 240 240 240 240 240 240 240   0 240 240 240 240 240   0 240
240 240 240 240 240 240 240 240 240   0 240 240 240 240   0 240
240 240 240 240 240 240 240 240 240 240   0 240 240 240   0 240
240 240 240 240 240 240 240 240 240 240 240   0   0   0   0 240
240 240 240 240 240 240 240 240 240 240 240 240 240 240 240 240
240 240 240 240 240 240 240 240 240 240 240 240 240 240 240 240
240 240 240 240 240   0   0   0   0 240 240 240 240 240 240 240
240 240 240 240 240   0 240 240 240   0 240 240 240 240 240 240
240 240 240 240 240 240   0 240 240   0 240 240 240 240 240 240
240 240 240 240 240 240   0 240 240   0 240 240 240 240 240 240
240   0   0 240 240 240   0 240 240   0 240 240 240 240 240 240
240   0 240   0   0   0 240 240 240   0 240 240 240 240 240 240
240   0 240 240 240 240 240 240 240 240   0 240 240 240 240 240
240   0 240 240 240 240 240 240 240 240 240   0 240 240 240 240
240 240   0   0   0   0   0 240 240 240 240 240   0 240 240 240
240 240 240 240 240 240 240   0 240 240 240 240 240   0 240 240
240 240 240 240 240 240 240 240   0 240 240 240 240 240   0 240
240 240 240 240 240 240 240 240 240   0 240 240 240 240   0 240
240 240 240 240 240 240 240 240 240 240   0 240 240 240   0 240
240 240 240 240 240 240 240 240 240 240 240   0   0   0   0 240
240 240 240 240 240 240 240 240 240 240 240 240 240 240 240 240
240 240 240 240 240 240 240 240 240 240 240 240 240 240 240 240
240 240 240 240 240   0   0   0   0 240 240 240 240 240 240 240
240 240 240 240 240   0 240 240 240   0 240 240 240 240 240 240
240 240 240 240 240 240   0 240 240   0 240 240 240 240 240 240
240 240 240 240 240 240   0 240 240   0 240 240 240 240 240 240
240   0   0 240 240 240   0 240 240   0 240 240 240 240 240 240
240   0 240   0   0   0 240 240 240   0 240 240 240 240 240 240
240   0 240 240 240 240 240 240 240 240   0 240 240 240 240 240
240   0 240 240 240 240 240 240 240 240 240   0 240 240 240 240
240 240   0   0   0   0   0 240 240 240 240 240   0 240 240 240
240 240 240 240 240 240 240   0 240 240 240 240 240   0 240 240
240 240 240 240 240 240 240 240   0 240 240 240 240 240   0 240
240 240 240 240 240 240 240 240 240   0 240 240 240 240   0 240
240 240 240 240 240 240 240 240 240 240   0 240 240 240   0 240
240 240 240 240 240 240 240 240 240 240 240   0   0   0   0 240
240 240 240 240 240 240 240 240 240 240 240 240 240 240 240 240

240 240 240 240 240 240 240 240 240 240 236 219 217 217 221 237
240 240 240 240 240 240 240 240 240 231 185  93  82  74  77 221
240 240 240 240 240 240 240 240 236 185 122 184 195 158  74 217
240 240 240 240 240 240 240 240 219  93 184 237 240 195  82 217
240 240 240 240 240 240 236 219  42 206 240 240 237 184  93 219
240 231 203 195 195 195 177  93 206 234 240 240 184 122 185 236
236 185 105  82  82  82 100 184 240 240 234 206  93 185 231 240
219  93 180 217 217 217 221 237 240 240 206  42 219 236 240 240
217  82 191 219 217 221 235 240 237 184  93 219 240 240 240 240
217  74 140  93  82 103 180 235 221 100 177 236 240 240 240 240
221  77  91 184 195 166 103 221 217  82 195 240 240 240 240 240
237 221 221 237 240 195  82 217 217  82 195 240 240 240 240 240
240 240 240 240 237 184  93 219 217  82 195 240 240 240 240 240
240 240 240 240 221  91 140 191 180 105 203 240 240 240 240 240
240 240 240 240 221  77  74  82  93 185 231 240 240 240 240 240
240 240 240 240 237 221 217 217 219 236 240 240 240 240 240 240
240 240 240 240 240 240 240 240 240 240 236 219 217 217 221 237
240 240 240 240 240 240 240 240 240 231 185  93  82  74  77 221
240 240 240 240 240 240 240 240 236 185 122 184 195 158  74 217
240 240 240 240 240 240 240 240 219  93 184 237 240 195  82 217
240 240 240 240 240 240 236 219  42 206 240 240 237 184  93 219
240 231 203 195 195 195 177  93 206 234 240 240 184 122 185 236
236 185 105  82  82  82 100 184 240 240 234 206  93 185 231 240
219  93 180 217 217 217 221 237 240 240 206  42 219 236 240 240
217  82 191 219 217 221 235 240 237 184  93 219 240 240 240 240
217  74 140  93  82 103 180 235 221 100 177 236 240 240 240 240
221  77  91 184 195 166 103 221 217  82 195 240 240 240 240 240
237 221 221 237 240 195  82 217 217  82 195 240 240 240 240 240
240 240 240 240 237 184  93 219 217  82 195 240 240 240 240 240
240 240 240 240 221  91 140 191 180 105 203 240 240 240 240 240
240 240 240 240 221  77  74  82  93 185 231 240 240 240 240 240
240 240 240 240 237 221 217 217 219 236 240 240 240 240 240 240
240 240 240 240 240 240 240 240 240 240 236 219 217 217 221 237
240 240 240 240 240 240 240 240 240 231 185  93  82  74  77 221
240 240 240 240 240 240 240 240 236 185 122 184 195 158  74 217
240 240 240 240 240 240 240 240 219  93 184 237 240 195  82 217
240 240 240 240 240 240 236 219  42 206 240 240 237 184  93 219
240 231 203 195 195 195 177  93 206 234 240 240 184 122 185 236
236 185 105  82  82  82 100 184 240 240 234 206  93 185 231 240
219  93 180 217 217 217 221 237 240 240 206  42 219 236 240 240
217  82 191 219 217 221 235 240 237 184  93 219 240 240 240 240
217  74 140  93  82 103 180 235 221 100 177 236 240 240 240 240
221  77  91 184 195 166 103 221 217  82 195 240 240 240 240 240
237 221 221 237 240 195  82 217 217  82 195 240 240 240 240 240
240 240 240 240 237 184  93 219 217  82 195 240 240 240 240 240
240 240 240 240 221  91 140 191 180 105 203 240 240 240 240 240
240 240 240 240 221  77  74  82  93 185 231 240 240 240 240 240
240 240 240 240 237 221 217 217 219 236 240 240 240 240 240 240

238 221 218 218 220 236 240 240 240 240 240 240 240 240 240 240
221  78  74  83  93 186 232 240 240 240 240 240 240 240 240 240
218  74 158 195 184 123 186 236 240 240 240 240 240 240 240 240
218  83 195 240 238 184  93 220 240 240 240 240 240 240 240 240
220  93 184 238 240 240 206  43 220 236 240 240 240 240 240 240
236 186 123 184 240 240 234 206  93 177 195 195 195 203 232 240
240 232 186  93 206 234 240 240 184 100  83  83  83 105 186 236
240 240 236 220  43 206 240 240 238 221 218 218 218 181  93 220
240 240 240 240 220  93 184 238 240 236 222 218 220 191  83 218
240 240 240 240 236 177 100 221 236 181 104  83  93 141  74 218
240 240 240 240 240 195  83 218 222 104 167 195 184  92  78 221
240 240 240 240 240 195  83 218 218  83 195 240 238 221 221 238
240 240 240 240 240 195  83 218 220  93 184 238 240 240 240 240
240 240 240 240 240 203 105 181 191 141  92 221 240 240 240 240
240 240 240 240 240 232 186  93  83  74  78 221 240 240 240 240
240 240 240 240 240 240 236 220 218 218 221 238 240 240 240 240
238 221 218 218 220 236 240 240 240 240 240 240 240 240 240 240
221  78  74  83  93 186 232 240 240 240 240 240 240 240 240 240
218  74 158 195 184 123 186 236 240 240 240 240 240 240 240 240
218  83 195 240 238 184  93 220 240 240 240 240 240 240 240 240
220  93 184 238 240 240 206  43 220 236 240 240 240 240 240 240
236 186 123 184 240 240 234 206  93 177 195 195 195 203 232 240
240 232 186  93 206 234 240 240 184 100  83  83  83 105 186 236
240 240 236 220  43 206 240 240 238 221 218 218 218 181  93 220
240 240 240 240 220  93 184 238 240 236 222 218 220 191  83 218
240 240 240 240 236 177 100 221 236 181 104  83  93 141  74 218
240 240 240 240 240 195  83 218 222 104 167 195 184  92  78 221
240 240 240 240 240 195  83 218 218  83 195 240 238 221 221 238
240 240 240 240 240 195  83 218 220  93 184 238 240 240 240 240
240 240 240 240 240 203 105 181 191 141  92 221 240 240 240 240
240 240 240 240 240 232 186  93  83  74  78 221 240 240 240 240
240 240 240 240 240 240 236 220 218 218 221 238 240 240 240 240
238 221 218 218 220 236 240 240 240 240 240 240 240 240 240 240
221  78  74  83  93 186 232 240 240 240 240 240 240 240 240 240
218  74 158 195 184 123 186 236 240 240 240 240 240 240 240 240
218  83 195 240 238 184  93 220 240 240 240 240 240 240 240 240
220  93 184 238 240 240 206  43 220 236 240 240 240 240 240 240
236 186 123 184 240 240 234 206  93 177 195 195 195 203 232 240
240 232 186  93 206 234 240 240 184 100  83  83  83 105 186 236
240 240 236 220  43 206 240 240 238 221 218 218 218 181  93 220
240 240 240 240 220  93 184 238 240 236 222 218 220 191  83 218
240 240 240 240 236 177 100 221 236 181 104  83  93 141  74 218
240 240 240 240 240 195  83 218 222 104 167 195 184  92  78 221
240 240 240 240 240 195  83 218 218  83 195 240 238 221 221 238
240 240 240 240 240 195  83 218 220  93 184 238 240 240 240 240
240 240 240 240 240 203 105 181 191 141  92 221 240 240 240 240
240 240 240 240 240 232 186  93  83  74  78 221 240 240 240 240
240 240 240 240 240 240 236 220 218 218 221 238 240 240 240 240
